
param[omegabh2] = 0.06690576 0.005 0.1 0.018536505197132958 0.018536505197132958
param[omegach2] = 0.15550770000000003 0.001 0.99 0.03206001260467072 0.03206001260467072
param[theta] = 1.036891 0.5 10.0 0.033423275937508365 0.033423275937508365
param[tau] = 0.3811567 0.01 0.8 0.21735005274577232 0.21735005274577232
param[logA] = 3.2294419999999997 1.61 3.91 0.2629965579528891 0.2629965579528891
param[ns] = 1.068649 0.8 1.2 0.09884214936675556 0.09884214936675556
param[DES_b1] = 1.251021 0.8 3.0 0.14230570013729293 0.14230570013729293
param[DES_b2] = 1.505452 0.8 3.0 0.1439038465891285 0.1439038465891285
param[DES_b3] = 1.5101870000000002 0.8 3.0 0.13905196869747535 0.13905196869747535
param[DES_b4] = 1.865719 0.8 3.0 0.16688925290159456 0.16688925290159456
param[DES_b5] = 1.8906349999999998 0.8 3.0 0.17859317461951904 0.17859317461951904
param[DES_m1] = 0.03035458 -0.1 0.1 0.022613423207759456 0.022613423207759456
param[DES_m2] = 0.0113283 -0.1 0.1 0.022288737502926433 0.022288737502926433
param[DES_m3] = 0.01942205 -0.1 0.1 0.02117392329300104 0.02117392329300104
param[DES_m4] = 0.01744318 -0.1 0.1 0.021321107719185294 0.021321107719185294
param[DES_AIA] = 0.40284749999999997 -5.0 5.0 0.2049058883534116 0.2049058883534116
param[DES_alphaIA] = -2.239703 -5.0 5.0 2.3321732689790005 2.3321732689790005
param[DES_DzL1] = 0.005167325 -0.05 0.05 0.007514133230840342 0.007514133230840342
param[DES_DzL2] = 0.0001326242 -0.05 0.05 0.006625700526949963 0.006625700526949963
param[DES_DzL3] = 3.69696e-05 -0.05 0.05 0.0066203734863208435 0.0066203734863208435
param[DES_DzL4] = 0.006689906999999999 -0.05 0.1 0.00911165605275022 0.00911165605275022
param[DES_DzL5] = -0.001963236 -0.05 0.1 0.009801915701225723 0.009801915701225723
param[DES_DzS1] = -0.005204696 -0.1 0.1 0.014113396053917654 0.014113396053917654
param[DES_DzS2] = -0.03403603 -0.1 0.1 0.010785678358362772 0.010785678358362772
param[DES_DzS3] = 0.001312226 -0.1 0.1 0.009751957299588759 0.009751957299588759
param[DES_DzS4] = -0.02408911 -0.1 0.1 0.01867960382749255 0.01867960382749255
propose_matrix=0_test_chains/DES.covmat
