
param[omegabh2] = 0.0226223 0.005 0.1 0.00016835644254467158 0.00016835644254467158
param[omegach2] = 0.1160175 0.001 0.99 0.0014596063304016522 0.0014596063304016522
param[theta] = 1.0413299999999999 0.5 10.0 0.0003212784506864473 0.0003212784506864473
param[tau] = 0.09693222 0.01 0.8 0.025978029675074368 0.025978029675074368
param[logA] = 3.1228849999999997 1.61 3.91 0.04916695935958485 0.04916695935958485
param[ns] = 0.9752542 0.8 1.2 0.005331321829428009 0.005331321829428009
param[acib217] = 47.74281 0.0 200.0 6.66571185000792 6.66571185000792
param[xi] = 0.3427658 0.0 1.0 0.2825257667889589 0.2825257667889589
param[asz143] = 6.411917 0.0 10.0 1.8843951926950047 1.8843951926950047
param[aps100] = 279.1776 0.0 400.0 27.67148843299559 27.67148843299559
param[aps143] = 43.9391 0.0 400.0 7.924811032720913 7.924811032720913
param[aps143217] = 44.3901 0.0 400.0 9.043551230228472 9.043551230228472
param[aps217] = 118.9323 0.0 400.0 9.981761860337661 9.981761860337661
param[aksz] = 0.38258590000000003 0.0 10.0 2.2507163045254184 2.2507163045254184
param[kgal100] = 9.350103 0.0 50.0 1.8351996630625447 1.8351996630625447
param[kgal143] = 10.01711 0.0 50.0 1.7986822697236808 1.7986822697236808
param[kgal143217] = 17.385279999999998 0.0 100.0 3.2671050326269984 3.2671050326269984
param[kgal217] = 92.01658 0.0 400.0 7.278033080316202 7.278033080316202
param[galfTE100] = 0.09826012 0.0 10.0 0.0379577601504071 0.0379577601504071
param[galfTE100143] = 0.1458428 0.0 10.0 0.029493957375766055 0.029493957375766055
param[galfTE100217] = 0.4425186 0.0 10.0 0.08523931637559169 0.08523931637559169
param[galfTE143] = 0.30032159999999997 0.0 10.0 0.05416774050403128 0.05416774050403128
param[galfTE143217] = 0.612654 0.0 10.0 0.08035103110235646 0.08035103110235646
param[galfTE217] = 1.753147 0.0 10.0 0.26950387348974253 0.26950387348974253
param[cal0] = 1.0007549999999998 0.0 3.0 0.0006153874664507366 0.0006153874664507366
param[cal2] = 0.9980515 0.0 3.0 0.000619678799085144 0.000619678799085144
param[calPlanck] = 1.002065 0.9 1.1 0.0024755787908625087 0.0024755787908625087
param[DES_b1] = 1.466148 0.8 3.0 0.07500079870475236 0.07500079870475236
param[DES_b2] = 1.628978 0.8 3.0 0.05989020284292673 0.05989020284292673
param[DES_b3] = 1.6525509999999999 0.8 3.0 0.053287741701446595 0.053287741701446595
param[DES_b4] = 2.009667 0.8 3.0 0.0638468170534148 0.0638468170534148
param[DES_b5] = 2.134347 0.8 3.0 0.08425958802805816 0.08425958802805816
param[DES_m1] = 0.001400072 -0.1 0.1 0.022853974548912886 0.022853974548912886
param[DES_m2] = 0.02809437 -0.1 0.1 0.022307968920463956 0.022307968920463956
param[DES_m3] = -0.00422196 -0.1 0.1 0.020126010103409846 0.020126010103409846
param[DES_m4] = -0.01104369 -0.1 0.1 0.02085755231336924 0.02085755231336924
param[DES_AIA] = 0.4502236 -5.0 5.0 0.16784778801665248 0.16784778801665248
param[DES_alphaIA] = -3.014624 -5.0 5.0 2.142138374808487 2.142138374808487
param[DES_DzL1] = -0.002035034 -0.05 0.05 0.0074838417652436295 0.0074838417652436295
param[DES_DzL2] = -0.004739673 -0.05 0.05 0.006581503167571392 0.006581503167571392
param[DES_DzL3] = 0.01093021 -0.05 0.05 0.0065697741650376975 0.0065697741650376975
param[DES_DzL4] = 0.003210223 -0.05 0.1 0.009040872391668302 0.009040872391668302
param[DES_DzL5] = -0.0009615348 -0.05 0.1 0.009834633698199844 0.009834633698199844
param[DES_DzS1] = 0.001998583 -0.1 0.1 0.014187100528054978 0.014187100528054978
param[DES_DzS2] = -0.02614419 -0.1 0.1 0.010567988003404125 0.010567988003404125
param[DES_DzS3] = 0.003764983 -0.1 0.1 0.009616843660973477 0.009616843660973477
param[DES_DzS4] = -0.03702426 -0.1 0.1 0.018295774180162233 0.018295774180162233
propose_matrix=0_test_chains/Planck18TTTEEE_DES.covmat
