
param[omegabh2] = 0.02250114 0.005 0.1 0.00016968727426337041 0.00016968727426337041
param[omegach2] = 0.11885180000000001 0.001 0.99 0.0016166214859333636 0.0016166214859333636
param[theta] = 1.040917 0.5 10.0 0.00033105785730786586 0.00033105785730786586
param[tau] = 0.1434142 0.01 0.8 0.025773570463783053 0.025773570463783053
param[logA] = 3.217332 1.61 3.91 0.0493583516468327 0.0493583516468327
param[ns] = 0.9720546999999998 0.8 1.2 0.005463690683986317 0.005463690683986317
param[acib217] = 42.15096 0.0 200.0 6.634590420325725 6.634590420325725
param[xi] = 0.8435619000000001 0.0 1.0 0.2801806688471863 0.2801806688471863
param[asz143] = 5.867849 0.0 10.0 1.8809057963555367 1.8809057963555367
param[aps100] = 245.2501 0.0 400.0 28.08083948404714 28.08083948404714
param[aps143] = 49.08057 0.0 400.0 7.930688196579032 7.930688196579032
param[aps143217] = 49.042159999999996 0.0 400.0 8.983112489472772 8.983112489472772
param[aps217] = 120.7076 0.0 400.0 9.919008688642093 9.919008688642093
param[aksz] = 1.93852 0.0 10.0 2.1709457294330856 2.1709457294330856
param[kgal100] = 8.703975999999999 0.0 50.0 1.8262394698574373 1.8262394698574373
param[kgal143] = 9.549805000000001 0.0 50.0 1.78647568872739 1.78647568872739
param[kgal143217] = 19.07191 0.0 100.0 3.2510400020995203 3.2510400020995203
param[kgal217] = 94.60047 0.0 400.0 7.24114742811265 7.24114742811265
param[galfTE100] = 0.10691700000000001 0.0 10.0 0.03832577183102403 0.03832577183102403
param[galfTE100143] = 0.1260222 0.0 10.0 0.0293369261473434 0.0293369261473434
param[galfTE100217] = 0.4635465999999999 0.0 10.0 0.08535730963585653 0.08535730963585653
param[galfTE143] = 0.24135259999999997 0.0 10.0 0.053918756553090336 0.053918756553090336
param[galfTE143217] = 0.6693387 0.0 10.0 0.08010272420250852 0.08010272420250852
param[galfTE217] = 2.09507 0.0 10.0 0.26666425906689833 0.26666425906689833
param[cal0] = 0.9999180000000001 0.0 3.0 0.0006092970839658094 0.0006092970839658094
param[cal2] = 0.997906 0.0 3.0 0.0006217559683369401 0.0006217559683369401
param[calPlanck] = 0.9990988000000001 0.9 1.1 0.0025010551970671294 0.0025010551970671294
propose_matrix=0_test_chains/Planck18TTTEEE.covmat
