
param[omegabh2] = 0.06954759 0.005 0.1 0.02726068910627775 0.02726068910627775
param[omegach2] = 0.6580095 0.001 0.99 0.28493589197827296 0.28493589197827296
param[theta] = 1.0760290000000001 0.5 10.0 0.12404763747760635 0.12404763747760635
param[tau] = 0.2482389 0.01 0.8 0.22871021403875166 0.22871021403875166
param[logA] = 1.937082 1.61 3.91 0.6665160937151063 0.6665160937151063
param[ns] = 1.1107069999999999 0.8 1.2 0.11513180070694831 0.11513180070694831
propose_matrix=0_test_chains/prior.covmat
