# omegabh2 omegach2 theta tau logA ns DES_b1 DES_b2 DES_b3 DES_b4 DES_b5 DES_m1 DES_m2 DES_m3 DES_m4 DES_AIA DES_alphaIA DES_DzL1 DES_DzL2 DES_DzL3 DES_DzL4 DES_DzL5 DES_DzS1 DES_DzS2 DES_DzS3 DES_DzS4
  3.4360202E-04   4.5284279E-04   4.9956207E-05   5.9141527E-05  -1.8918393E-03   1.3792294E-04   3.9235170E-04   4.2445774E-04   4.3137333E-04   5.1522510E-04   4.9923437E-04  -2.0594599E-06  -2.4209663E-06   1.6414793E-06   1.9457116E-07  -9.1212900E-05  -2.8395295E-04  -5.3303062E-07   1.1214063E-07  -2.5771743E-07  -7.0148964E-06  -8.0975596E-06  -7.7272997E-07  -1.0038612E-06   1.5002203E-06   1.2313172E-06
  4.5284279E-04   1.0278444E-03   5.8462772E-04  -5.0428586E-04  -6.7904337E-03  -1.5950000E-03   1.0533776E-03   1.1139543E-03   1.0983610E-03   1.3352454E-03   1.3799600E-03  -1.6237497E-06  -3.0090326E-06  -1.1046857E-05  -8.3079339E-06  -4.1348037E-04  -1.5646051E-03  -1.2620849E-06  -3.9945953E-06  -2.9621817E-06  -1.3805854E-05  -7.9326573E-06  -3.1835691E-06  -2.0239715E-06  -5.1265634E-07   4.5501000E-06
  4.9956207E-05   5.8462772E-04   1.1171154E-03  -3.2181120E-04  -4.0953586E-03  -1.7856703E-03  -1.3655534E-03  -1.4732627E-03  -1.4284225E-03  -1.6810879E-03  -1.6239440E-03   1.1702122E-05  -4.9308009E-06  -4.9820881E-06  -1.8293736E-05   3.6774113E-04   1.8803518E-03   3.5532971E-06   1.3218294E-06   2.8534216E-06   6.0995011E-06   2.2500575E-05   2.8704486E-06  -2.2757395E-06  -6.2810913E-06  -2.2961808E-05
  5.9141527E-05  -5.0428586E-04  -3.2181120E-04   4.7241045E-02   6.0542072E-03   3.1911989E-03  -1.9207538E-03  -2.1559761E-03  -1.9622444E-03  -2.3194849E-03  -2.2070584E-03  -3.2852002E-05   5.6807156E-07   5.1498819E-05   1.7536959E-05   9.2840792E-04   7.9567157E-03   7.8758895E-06   5.4093175E-06   6.2410529E-06   2.1187655E-05   5.5249610E-06   6.2873650E-07   3.8826118E-08   6.9221059E-06  -4.3460198E-06
 -1.8918393E-03  -6.7904337E-03  -4.0953586E-03   6.0542072E-03   6.9167189E-02   1.8619707E-02  -2.1130440E-02  -2.2744611E-02  -2.2431372E-02  -2.7201171E-02  -2.8397857E-02   5.5066274E-05  -5.5438269E-05  -2.4337944E-04  -2.5436018E-04   8.8459770E-03   1.2153818E-02   2.1367950E-05   6.9527989E-05   7.4098348E-05   1.6073913E-04   1.2190664E-04   7.3506622E-05  -3.5322882E-05  -1.2295883E-04  -4.4861653E-04
  1.3792294E-04  -1.5950000E-03  -1.7856703E-03   3.1911989E-03   1.8619707E-02   9.7697705E-03  -4.2563901E-03  -4.4316267E-03  -4.0535467E-03  -4.7442908E-03  -4.4431634E-03   1.2020052E-05  -1.0945989E-05   1.0560318E-04   5.2090558E-05   2.4940066E-03   1.0329415E-02   5.1735923E-07   2.2318509E-05   1.2137687E-05   2.5218730E-05  -1.4949612E-06   2.6581009E-05  -3.7673571E-06   1.3217401E-05  -2.7498404E-05
  3.9235170E-04   1.0533776E-03  -1.3655534E-03  -1.9207538E-03  -2.1130440E-02  -4.2563901E-03   2.0250912E-02   1.7109082E-02   1.6778147E-02   2.0161236E-02   2.0558626E-02  -6.7826082E-05   7.1850072E-05   2.1667432E-04   2.2047969E-04  -6.4529377E-03  -3.5882411E-03   1.0346348E-04  -3.3566952E-05  -4.3017480E-05  -8.9137310E-05  -1.2822137E-04  -5.5218099E-05   2.8822862E-05   1.0083291E-04   3.4246587E-04
  4.2445774E-04   1.1139543E-03  -1.4732627E-03  -2.1559761E-03  -2.2744611E-02  -4.4316267E-03   1.7109082E-02   2.0708317E-02   1.8159106E-02   2.1848272E-02   2.2261119E-02  -8.1853353E-05   6.0857630E-05   2.4045699E-04   2.7116099E-04  -6.9288538E-03  -8.9718162E-03  -2.3747704E-05   2.1360853E-05  -5.2144091E-05  -8.9484368E-05  -1.3743217E-04  -6.5605626E-05   4.2670510E-05   1.2463824E-04   4.0183013E-04
  4.3137333E-04   1.0983610E-03  -1.4284225E-03  -1.9622444E-03  -2.2431372E-02  -4.0535467E-03   1.6778147E-02   1.8159106E-02   1.9335450E-02   2.1489088E-02   2.2005009E-02  -6.7628388E-05   5.4993246E-05   2.4402826E-04   2.7402458E-04  -6.5444981E-03  -1.0106206E-02  -2.5250203E-05  -4.0715485E-05   1.6704110E-06  -9.5588880E-05  -1.2968771E-04  -5.7471637E-05   3.9546224E-05   1.2949476E-04   3.9797761E-04
  5.1522510E-04   1.3352454E-03  -1.6810879E-03  -2.3194849E-03  -2.7201171E-02  -4.7442908E-03   2.0161236E-02   2.1848272E-02   2.1489088E-02   2.7852023E-02   2.6610165E-02  -8.2974071E-05   6.6532811E-05   2.9653674E-04   3.1747301E-04  -8.1548273E-03  -1.3121860E-02  -2.6531373E-05  -4.9881860E-05  -6.5013459E-05  -1.2566350E-05  -1.5785010E-04  -6.6727218E-05   4.5929672E-05   1.5265840E-04   5.0501347E-04
  4.9923437E-04   1.3799600E-03  -1.6239440E-03  -2.2070584E-03  -2.8397857E-02  -4.4431634E-03   2.0558626E-02   2.2261119E-02   2.2005009E-02   2.6610165E-02   3.1895522E-02  -9.2194836E-05   6.5738247E-05   3.1262553E-04   3.2128670E-04  -8.0412062E-03  -1.2007715E-02  -3.2528079E-05  -5.3444623E-05  -7.0303057E-05  -1.1723963E-04  -4.2604860E-05  -6.1710852E-05   4.0597994E-05   1.4555174E-04   4.8461655E-04
 -2.0594599E-06  -1.6237497E-06   1.1702122E-05  -3.2852002E-05   5.5066274E-05   1.2020052E-05  -6.7826082E-05  -8.1853353E-05  -6.7628388E-05  -8.2974071E-05  -9.2194836E-05   5.1136691E-04   5.2683050E-06   5.2324837E-06   1.7556932E-06   1.0604144E-04  -3.5269033E-03   9.3188641E-08  -1.0694266E-06   1.3614168E-06   6.9777678E-08   6.8686025E-07  -2.5810242E-05   7.2450586E-06   2.3157613E-06  -2.7343292E-06
 -2.4209663E-06  -3.0090326E-06  -4.9308009E-06   5.6807156E-07  -5.5438269E-05  -1.0945989E-05   7.1850072E-05   6.0857630E-05   5.4993246E-05   6.6532811E-05   6.5738247E-05   5.2683050E-06   4.9678782E-04   1.5710511E-05   1.1786738E-05   2.1578005E-04  -1.5767596E-03   1.8105515E-06   1.1745246E-06   2.8514089E-07   8.0769762E-07  -6.6936434E-07   1.7925919E-05  -3.0112346E-05   7.2742467E-06   9.1158438E-06
  1.6414793E-06  -1.1046857E-05  -4.9820881E-06   5.1498819E-05  -2.4337944E-04   1.0560318E-04   2.1667432E-04   2.4045699E-04   2.4402826E-04   2.9653674E-04   3.1262553E-04   5.2324837E-06   1.5710511E-05   4.4833503E-04   6.3761727E-05  -1.2282344E-04   3.0260282E-03   1.2649637E-06   7.3823216E-07   3.1664862E-07   7.3273157E-07  -5.3917305E-07   5.4425002E-06   1.5305036E-05  -2.8743336E-05   4.6963876E-05
  1.9457116E-07  -8.3079339E-06  -1.8293736E-05   1.7536959E-05  -2.5436018E-04   5.2090558E-05   2.2047969E-04   2.7116099E-04   2.7402458E-04   3.1747301E-04   3.2128670E-04   1.7556932E-06   1.1786738E-05   6.3761727E-05   4.5458963E-04  -1.6668535E-04   2.5290304E-03  -1.8712178E-06  -8.1738965E-07   6.1662200E-07  -9.6188534E-08  -2.7917749E-06   1.7062653E-06   7.9093968E-06   1.8990589E-05  -6.4561162E-05
 -9.1212900E-05  -4.1348037E-04   3.6774113E-04   9.2840792E-04   8.8459770E-03   2.4940066E-03  -6.4529377E-03  -6.9288538E-03  -6.5444981E-03  -8.1548273E-03  -8.0412062E-03   1.0604144E-04   2.1578005E-04  -1.2282344E-04  -1.6668535E-04   4.1986423E-02   1.4271404E-01  -3.7094009E-05  -4.6379247E-05   5.6385480E-05  -1.8414605E-04  -1.7237514E-05   2.8565600E-04   2.6492608E-04   1.7628129E-04  -2.3410299E-04
 -2.8395295E-04  -1.5646051E-03   1.8803518E-03   7.9567157E-03   1.2153818E-02   1.0329415E-02  -3.5882411E-03  -8.9718162E-03  -1.0106206E-02  -1.3121860E-02  -1.2007715E-02  -3.5269033E-03  -1.5767596E-03   3.0260282E-03   2.5290304E-03   1.4271404E-01   5.4390322E+00   1.0199351E-03   4.4196085E-04   7.7819614E-05  -1.0636345E-03  -5.0930945E-04  -1.0121966E-02  -2.5817835E-03   2.4022133E-03   2.1899668E-03
 -5.3303062E-07  -1.2620849E-06   3.5532971E-06   7.8758895E-06   2.1367950E-05   5.1735923E-07   1.0346348E-04  -2.3747704E-05  -2.5250203E-05  -2.6531373E-05  -3.2528079E-05   9.3188641E-08   1.8105515E-06   1.2649637E-06  -1.8712178E-06  -3.7094009E-05   1.0199351E-03   5.6462198E-05  -1.7492821E-07   2.2806560E-07   3.6884031E-07   1.3557734E-08   3.1762956E-06   3.4435343E-07   1.0866471E-06   5.5527166E-07
  1.1214063E-07  -3.9945953E-06   1.3218294E-06   5.4093175E-06   6.9527989E-05   2.2318509E-05  -3.3566952E-05   2.1360853E-05  -4.0715485E-05  -4.9881860E-05  -5.3444623E-05  -1.0694266E-06   1.1745246E-06   7.3823216E-07  -8.1738965E-07  -4.6379247E-05   4.4196085E-04  -1.7492821E-07   4.3899907E-05   2.5515995E-07   1.3372794E-07   6.5469202E-08   2.9195722E-07   2.8916515E-06   1.1761951E-06  -7.5176122E-07
 -2.5771743E-07  -2.9621817E-06   2.8534216E-06   6.2410529E-06   7.4098348E-05   1.2137687E-05  -4.3017480E-05  -5.2144091E-05   1.6704110E-06  -6.5013459E-05  -7.0303057E-05   1.3614168E-06   2.8514089E-07   3.1664862E-07   6.1662200E-07   5.6385480E-05   7.7819614E-05   2.2806560E-07   2.5515995E-07   4.3829345E-05   8.4097463E-07   2.9465832E-07  -5.3205371E-07   5.3270091E-06   4.3350393E-06  -1.1157878E-06
 -7.0148964E-06  -1.3805854E-05   6.0995011E-06   2.1187655E-05   1.6073913E-04   2.5218730E-05  -8.9137310E-05  -8.9484368E-05  -9.5588880E-05  -1.2566350E-05  -1.1723963E-04   6.9777678E-08   8.0769762E-07   7.3273157E-07  -9.6188534E-08  -1.8414605E-04  -1.0636345E-03   3.6884031E-07   1.3372794E-07   8.4097463E-07   8.3022276E-05   1.9340685E-06   6.2899339E-07   4.7325889E-07   7.2774019E-06   1.0397706E-05
 -8.0975596E-06  -7.9326573E-06   2.2500575E-05   5.5249610E-06   1.2190664E-04  -1.4949612E-06  -1.2822137E-04  -1.3743217E-04  -1.2968771E-04  -1.5785010E-04  -4.2604860E-05   6.8686025E-07  -6.6936434E-07  -5.3917305E-07  -2.7917749E-06  -1.7237514E-05  -5.0930945E-04   1.3557734E-08   6.5469202E-08   2.9465832E-07   1.9340685E-06   9.6077551E-05   1.1631138E-06  -3.7240078E-07  -5.0698454E-07   7.2530096E-06
 -7.7272997E-07  -3.1835691E-06   2.8704486E-06   6.2873650E-07   7.3506622E-05   2.6581009E-05  -5.5218099E-05  -6.5605626E-05  -5.7471637E-05  -6.6727218E-05  -6.1710852E-05  -2.5810242E-05   1.7925919E-05   5.4425002E-06   1.7062653E-06   2.8565600E-04  -1.0121966E-02   3.1762956E-06   2.9195722E-07  -5.3205371E-07   6.2899339E-07   1.1631138E-06   1.9918795E-04   1.9220008E-05   1.2976894E-06  -6.7471217E-07
 -1.0038612E-06  -2.0239715E-06  -2.2757395E-06   3.8826118E-08  -3.5322882E-05  -3.7673571E-06   2.8822862E-05   4.2670510E-05   3.9546224E-05   4.5929672E-05   4.0597994E-05   7.2450586E-06  -3.0112346E-05   1.5305036E-05   7.9093968E-06   2.6492608E-04  -2.5817835E-03   3.4435343E-07   2.8916515E-06   5.3270091E-06   4.7325889E-07  -3.7240078E-07   1.9220008E-05   1.1633086E-04   6.8181669E-06   7.0003826E-06
  1.5002203E-06  -5.1265634E-07  -6.2810913E-06   6.9221059E-06  -1.2295883E-04   1.3217401E-05   1.0083291E-04   1.2463824E-04   1.2949476E-04   1.5265840E-04   1.4555174E-04   2.3157613E-06   7.2742467E-06  -2.8743336E-05   1.8990589E-05   1.7628129E-04   2.4022133E-03   1.0866471E-06   1.1761951E-06   4.3350393E-06   7.2774019E-06  -5.0698454E-07   1.2976894E-06   6.8181669E-06   9.5100671E-05   2.3125274E-05
  1.2313172E-06   4.5501000E-06  -2.2961808E-05  -4.3460198E-06  -4.4861653E-04  -2.7498404E-05   3.4246587E-04   4.0183013E-04   3.9797761E-04   5.0501347E-04   4.8461655E-04  -2.7343292E-06   9.1158438E-06   4.6963876E-05  -6.4561162E-05  -2.3410299E-04   2.1899668E-03   5.5527166E-07  -7.5176122E-07  -1.1157878E-06   1.0397706E-05   7.2530096E-06  -6.7471217E-07   7.0003826E-06   2.3125274E-05   3.4892760E-04
