# omegabh2 omegach2 theta tau logA ns acib217 xi asz143 aps100 aps143 aps143217 aps217 aksz kgal100 kgal143 kgal143217 kgal217 galfTE100 galfTE100143 galfTE100217 galfTE143 galfTE143217 galfTE217 cal0 cal2 calPlanck
  2.8793771E-08  -1.8574524E-07   2.6195819E-08   2.2052495E-06   4.0502038E-06   5.6272233E-07  -1.3626631E-04   3.1193502E-06   2.6897603E-05  -6.3876397E-04  -3.6441169E-04  -1.1584015E-04   4.0416663E-06  -5.2944198E-05  -6.0482842E-06  -1.9260826E-05  -2.9494307E-05   1.3686024E-06  -1.1159644E-07  -7.2592352E-08  -9.2725965E-08  -4.4010337E-07  -5.8447460E-07  -2.7684469E-06   3.7564577E-09  -3.0031094E-09   5.6340541E-09
 -1.8574524E-07   2.6134650E-06  -2.4494030E-07  -2.4323980E-05  -4.2248558E-05  -7.2156917E-06   7.9880795E-04  -1.7969308E-05  -1.7737529E-04   4.4000127E-03   2.5187882E-03   1.0257335E-03   3.1435366E-04   3.1526481E-04   4.0020236E-05   1.3260914E-04   1.8094303E-04   4.0548724E-05   1.0266310E-06   6.6552658E-07   1.3564907E-06   3.3572213E-06   4.6854478E-06   2.7028394E-05  -1.1470327E-08   2.8742455E-08  -4.8915508E-09
  2.6195819E-08  -2.4494030E-07   1.0959930E-07   2.7362907E-06   4.9674154E-06   7.9383696E-07  -6.6664484E-05   1.9651723E-06   2.0548671E-05  -3.9795360E-04  -2.2636484E-04  -8.6965583E-05  -4.2711952E-05  -3.5286431E-05  -3.9829856E-06  -1.4297067E-05  -1.1815024E-05   6.4958718E-06  -8.2923413E-08  -1.3471601E-07  -2.6730003E-07  -3.8037399E-07  -6.6670798E-07  -3.5091961E-06   2.6264798E-09  -2.2300805E-09   3.5656448E-09
  2.2052495E-06  -2.4323980E-05   2.7362907E-06   6.6427693E-04   1.2621879E-03   8.7348919E-05  -2.2086853E-02   5.0650642E-04   3.3118931E-03  -1.0772438E-01  -4.7689696E-02  -1.1368966E-02   7.3081215E-03  -8.2677417E-03  -2.4045308E-03  -4.4894543E-03  -6.5225268E-03  -2.2175229E-03  -1.6697558E-05  -1.8906200E-05   7.7887369E-06  -6.5704307E-05  -4.5610343E-05  -2.5481271E-04   1.1843350E-07  -5.9428794E-07  -2.9400758E-06
  4.0502038E-06  -4.2248558E-05   4.9674154E-06   1.2621879E-03   2.4362469E-03   1.5533481E-04  -4.2462601E-02   1.0160660E-03   6.1751262E-03  -2.0146264E-01  -8.7840475E-02  -1.7668736E-02   2.1082660E-02  -1.6502236E-02  -5.0322971E-03  -9.2844591E-03  -1.3049797E-02  -2.6128300E-03  -3.0134105E-05  -3.5639673E-05   1.5355036E-05  -1.2438516E-04  -8.3801752E-05  -4.3121719E-04   3.6491725E-07  -1.1324212E-06   6.7838192E-06
  5.6272233E-07  -7.2156917E-06   7.9383696E-07   8.7348919E-05   1.5533481E-04   2.9851916E-05  -6.6436446E-03   1.5531410E-04   1.1080136E-03  -3.4478422E-02  -1.3406202E-02  -1.7331332E-03   3.7460547E-03  -2.6751171E-03   1.3727809E-04  -8.3203707E-04  -1.3111614E-03   4.9592987E-04  -3.3416691E-06  -2.0510210E-06  -3.4381271E-06  -8.0917887E-06  -1.2790322E-05  -7.7706321E-05  -5.0043500E-08  -1.5246514E-07  -5.4775425E-08
 -1.3626631E-04   7.9880795E-04  -6.6664484E-05  -2.2086853E-02  -4.2462601E-02  -6.6436446E-03   4.4017790E+01  -3.8317244E-01  -1.0106247E+00   3.7603150E+01   4.1012778E+00  -1.1566712E+01  -5.3697591E+01   2.0041408E-01   2.8010613E-01   5.4250852E-01  -5.5331657E+00  -3.2516350E+01  -3.4787674E-04   2.3542497E-03  -4.5096885E-03   7.4407477E-03  -2.9026959E-03   3.1669987E-03  -2.3681942E-04   7.4444798E-04   7.1576788E-04
  3.1193502E-06  -1.7969308E-05   1.9651723E-06   5.0650642E-04   1.0160660E-03   1.5531410E-04  -3.8317244E-01   7.8501207E-02  -9.8062449E-03  -8.6190312E-01   8.4058131E-01   1.6811366E+00   6.3412663E-01   1.3762843E-02  -5.2178615E-03   5.3041765E-03   1.2267996E-01   1.5959708E-01  -2.3335851E-06  -7.9417782E-05   2.6525643E-04  -1.7425364E-04  -1.2672745E-04   6.9136703E-05   5.9964030E-06  -2.2800339E-06   2.8956280E-06
  2.6897603E-05  -1.7737529E-04   2.0548671E-05   3.3118931E-03   6.1751262E-03   1.1080136E-03  -1.0106247E+00  -9.8062449E-03   3.5378066E+00  -2.9242032E+01  -3.6051495E+00   6.9881424E+00   4.6408360E+00  -2.1406467E+00  -2.1517109E-01   1.0968164E-01   2.3407979E+00   2.8810715E+00   1.0338348E-05  -2.0405677E-04  -5.2087077E-04   7.8539106E-05   4.3918095E-05  -6.1562219E-03   9.7406685E-05  -4.7835377E-05   6.4990016E-06
 -6.3876397E-04   4.4000127E-03  -3.9795360E-04  -1.0772438E-01  -2.0146264E-01  -3.4478422E-02   3.7603150E+01  -8.6190312E-01  -2.9242032E+01   7.8853355E+02   7.6671534E+01  -5.1623918E+01  -5.6083832E+01   1.1907566E+01  -6.1405596E+00   6.4211261E+00  -9.1139253E+00  -1.9377307E+01   1.3425806E-02   1.0617902E-02  -1.4619588E-02   9.9820909E-03   6.1211802E-03   8.6814519E-02   3.7119390E-03   6.5981654E-04   3.6987342E-03
 -3.6441169E-04   2.5187882E-03  -2.2636484E-04  -4.7689696E-02  -8.7840475E-02  -1.3406202E-02   4.1012778E+00   8.4058131E-01  -3.6051495E+00   7.6671534E+01   6.2895815E+01   3.8262844E+01   1.1807745E+01  -3.5921376E+00  -1.7191001E-01  -1.1399581E+00   3.6471870E+00   3.9318162E+00   3.2616671E-03   1.5923245E-03   5.4835609E-03   1.2460814E-03   8.4810486E-03   5.4724425E-02   6.4524401E-05   2.1680601E-04   7.5505096E-04
 -1.1584015E-04   1.0257335E-03  -8.6965583E-05  -1.1368966E-02  -1.7668736E-02  -1.7331332E-03  -1.1566712E+01   1.6811366E+00   6.9881424E+00  -5.1623918E+01   3.8262844E+01   8.0696310E+01   4.7834135E+01  -9.6033869E+00  -7.4215872E-01  -7.6183226E-01   4.3489176E+00   6.9205532E+00   1.8795819E-03  -1.6858779E-03   8.0536564E-03  -2.3094523E-03   6.2208281E-03   1.9576693E-02   4.0121177E-04  -3.5156608E-04   5.7002235E-04
  4.0416663E-06   3.1435366E-04  -4.2711952E-05   7.3081215E-03   2.1082660E-02   3.7460547E-03  -5.3697591E+01   6.3412663E-01   4.6408360E+00  -5.6083832E+01   1.1807745E+01   4.7834135E+01   9.8386733E+01  -7.5645294E+00  -7.7509739E-01  -1.1923094E+00   4.6647685E+00   3.1856232E+01   1.2518310E-03  -3.7854276E-03   5.6063406E-03  -7.6567343E-03   1.2000434E-02   1.3439013E-02   4.3801220E-04  -1.3397610E-03   1.3433164E-03
 -5.2944198E-05   3.1526481E-04  -3.5286431E-05  -8.2677417E-03  -1.6502236E-02  -2.6751171E-03   2.0041408E-01   1.3762843E-02  -2.1406467E+00   1.1907566E+01  -3.5921376E+00  -9.6033869E+00  -7.5645294E+00   4.7130054E+00   1.2159755E-01  -9.9301843E-02  -1.5228757E+00  -1.7493589E+00   3.5058592E-04   2.6666309E-04  -3.5358015E-04   7.0623314E-04  -6.3265331E-04   2.9830877E-03  -5.2825515E-05   4.4520132E-06  -3.8118176E-05
 -6.0482842E-06   4.0020236E-05  -3.9829856E-06  -2.4045308E-03  -5.0322971E-03   1.3727809E-04   2.8010613E-01  -5.2178615E-03  -2.1517109E-01  -6.1405596E+00  -1.7191001E-01  -7.4215872E-01  -7.7509739E-01   1.2159755E-01   3.3351506E+00   5.3872257E-01   1.4183409E-01   3.3412973E-02  -8.3482992E-04   3.7654396E-04   2.8126791E-03   1.7947234E-04  -4.1923775E-04  -5.3586334E-03   1.7578753E-04  -1.6128952E-06  -1.1431657E-05
 -1.9260826E-05   1.3260914E-04  -1.4297067E-05  -4.4894543E-03  -9.2844591E-03  -8.3203707E-04   5.4250852E-01   5.3041765E-03   1.0968164E-01   6.4211261E+00  -1.1399581E+00  -7.6183226E-01  -1.1923094E+00  -9.9301843E-02   5.3872257E-01   3.1914954E+00   2.7293511E+00   2.7438798E+00   4.6283862E-04  -4.7833112E-04   5.4376305E-04   1.2746261E-03   1.1494917E-03   2.7050103E-04  -1.8468530E-04  -4.6787568E-05  -3.8126430E-05
 -2.9494307E-05   1.8094303E-04  -1.1815024E-05  -6.5225268E-03  -1.3049797E-02  -1.3111614E-03  -5.5331657E+00   1.2267996E-01   2.3407979E+00  -9.1139253E+00   3.6471870E+00   4.3489176E+00   4.6647685E+00  -1.5228757E+00   1.4183409E-01   2.7293511E+00   1.0569261E+01   1.8789297E+01   1.0691577E-03  -5.5709940E-04   1.5061972E-03   6.0264478E-04   7.6017437E-04   5.7053191E-03  -2.9233432E-05   4.0046655E-04   1.7364335E-05
  1.3686024E-06   4.0548724E-05   6.4958718E-06  -2.2175229E-03  -2.6128300E-03   4.9592987E-04  -3.2516350E+01   1.5959708E-01   2.8810715E+00  -1.9377307E+01   3.9318162E+00   6.9205532E+00   3.1856232E+01  -1.7493589E+00   3.3412973E-02   2.7438798E+00   1.8789297E+01   5.2434216E+01   2.0540064E-03  -1.1848537E-03   4.2306433E-03  -2.2183382E-03   1.7257156E-03   1.5185380E-02   9.1716191E-05   8.8943844E-04   8.2716459E-04
 -1.1159644E-07   1.0266310E-06  -8.2923413E-08  -1.6697558E-05  -3.0134105E-05  -3.3416691E-06  -3.4787674E-04  -2.3335851E-06   1.0338348E-05   1.3425806E-02   3.2616671E-03   1.8795819E-03   1.2518310E-03   3.5058592E-04  -8.3482992E-04   4.6283862E-04   1.0691577E-03   2.0540064E-03   1.4688648E-03   2.7582019E-04   8.6410944E-05  -3.8860168E-04  -1.0849478E-04  -1.4092484E-04   1.8125838E-07  -1.5325184E-07   8.5141714E-07
 -7.2592352E-08   6.6552658E-07  -1.3471601E-07  -1.8906200E-05  -3.5639673E-05  -2.0510210E-06   2.3542497E-03  -7.9417782E-05  -2.0405677E-04   1.0617902E-02   1.5923245E-03  -1.6858779E-03  -3.7854276E-03   2.6666309E-04   3.7654396E-04  -4.7833112E-04  -5.5709940E-04  -1.1848537E-03   2.7582019E-04   8.6065524E-04   2.5664834E-05   7.2378380E-04   2.9491866E-05  -8.2822690E-04   9.6026359E-08  -7.0324767E-08   4.5312639E-07
 -9.2725965E-08   1.3564907E-06  -2.6730003E-07   7.7887369E-06   1.5355036E-05  -3.4381271E-06  -4.5096885E-03   2.6525643E-04  -5.2087077E-04  -1.4619588E-02   5.4835609E-03   8.0536564E-03   5.6063406E-03  -3.5358015E-04   2.8126791E-03   5.4376305E-04   1.5061972E-03   4.2306433E-03   8.6410944E-05   2.5664834E-05   7.2858703E-03  -2.8139104E-04   6.9947246E-04   4.5379547E-03  -2.2699347E-07   2.8361287E-07  -1.4895314E-06
 -4.4010337E-07   3.3572213E-06  -3.8037399E-07  -6.5704307E-05  -1.2438516E-04  -8.0917887E-06   7.4407477E-03  -1.7425364E-04   7.8539106E-05   9.9820909E-03   1.2460814E-03  -2.3094523E-03  -7.6567343E-03   7.0623314E-04   1.7947234E-04   1.2746261E-03   6.0264478E-04  -2.2183382E-03  -3.8860168E-04   7.2378380E-04  -2.8139104E-04   2.9072323E-03   5.0244260E-04  -1.1122033E-03  -4.8154683E-07   3.7696149E-07   1.9966092E-07
 -5.8447460E-07   4.6854478E-06  -6.6670798E-07  -4.5610343E-05  -8.3801752E-05  -1.2790322E-05  -2.9026959E-03  -1.2672745E-04   4.3918095E-05   6.1211802E-03   8.4810486E-03   6.2208281E-03   1.2000434E-02  -6.3265331E-04  -4.1923775E-04   1.1494917E-03   7.6017437E-04   1.7257156E-03  -1.0849478E-04   2.9491866E-05   6.9947246E-04   5.0244260E-04   6.4164464E-03   7.7112144E-03  -3.9853343E-07   2.7600431E-07  -1.5606184E-06
 -2.7684469E-06   2.7028394E-05  -3.5091961E-06  -2.5481271E-04  -4.3121719E-04  -7.7706321E-05   3.1669987E-03   6.9136703E-05  -6.1562219E-03   8.6814519E-02   5.4724425E-02   1.9576693E-02   1.3439013E-02   2.9830877E-03  -5.3586334E-03   2.7050103E-04   5.7053191E-03   1.5185380E-02  -1.4092484E-04  -8.2822690E-04   4.5379547E-03  -1.1122033E-03   7.7112144E-03   7.1109827E-02  -1.5159236E-06   1.1041523E-06   7.4965057E-06
  3.7564577E-09  -1.1470327E-08   2.6264798E-09   1.1843350E-07   3.6491725E-07  -5.0043500E-08  -2.3681942E-04   5.9964030E-06   9.7406685E-05   3.7119390E-03   6.4524401E-05   4.0121177E-04   4.3801220E-04  -5.2825515E-05   1.7578753E-04  -1.8468530E-04  -2.9233432E-05   9.1716191E-05   1.8125838E-07   9.6026359E-08  -2.2699347E-07  -4.8154683E-07  -3.9853343E-07  -1.5159236E-06   3.7124294E-07  -1.9787557E-09   3.2730714E-09
 -3.0031094E-09   2.8742455E-08  -2.2300805E-09  -5.9428794E-07  -1.1324212E-06  -1.5246514E-07   7.4444798E-04  -2.2800339E-06  -4.7835377E-05   6.5981654E-04   2.1680601E-04  -3.5156608E-04  -1.3397610E-03   4.4520132E-06  -1.6128952E-06  -4.6787568E-05   4.0046655E-04   8.8943844E-04  -1.5325184E-07  -7.0324767E-08   2.8361287E-07   3.7696149E-07   2.7600431E-07   1.1041523E-06  -1.9787557E-09   3.8658048E-07  -5.5441845E-09
  5.6340541E-09  -4.8915508E-09   3.5656448E-09  -2.9400758E-06   6.7838192E-06  -5.4775425E-08   7.1576788E-04   2.8956280E-06   6.4990016E-06   3.6987342E-03   7.5505096E-04   5.7002235E-04   1.3433164E-03  -3.8118176E-05  -1.1431657E-05  -3.8126430E-05   1.7364335E-05   8.2716459E-04   8.5141714E-07   4.5312639E-07  -1.4895314E-06   1.9966092E-07  -1.5606184E-06   7.4965057E-06   3.2730714E-09  -5.5441845E-09   6.2552771E-06
