# omegabh2 omegach2 theta tau logA ns acib217 xi asz143 aps100 aps143 aps143217 aps217 aksz kgal100 kgal143 kgal143217 kgal217 galfTE100 galfTE100143 galfTE100217 galfTE143 galfTE143217 galfTE217 cal0 cal2 calPlanck DES_b1 DES_b2 DES_b3 DES_b4 DES_b5 DES_m1 DES_m2 DES_m3 DES_m4 DES_AIA DES_alphaIA DES_DzL1 DES_DzL2 DES_DzL3 DES_DzL4 DES_DzL5 DES_DzS1 DES_DzS2 DES_DzS3 DES_DzS4
  2.8343892E-08  -1.6116744E-07   2.3900176E-08   2.5166124E-06   4.7187635E-06   5.2695237E-07  -1.5890039E-04   3.7136886E-06   2.8025502E-05  -6.7884587E-04  -3.7533750E-04  -1.0388109E-04   2.9650200E-05  -5.6284568E-05  -6.8201851E-06  -1.9861926E-05  -2.9349546E-05   1.0246664E-05  -1.3699406E-07  -9.4018186E-08  -1.1955583E-07  -4.1595099E-07  -7.5502944E-07  -3.3418984E-06   3.2026452E-09  -3.8561292E-09  -3.2230185E-09  -3.0162712E-06  -3.0981351E-06  -3.0646566E-06  -3.8189074E-06  -4.2109754E-06  -6.4592230E-09   3.8782724E-08   1.7713616E-07   1.2050026E-07   7.8276040E-07   1.7455845E-05   2.1024880E-08   1.9125467E-08   2.4704868E-08   2.5360130E-08   2.4728133E-08  -2.3668615E-08   2.4544601E-08   3.4121529E-08   4.3376947E-08
 -1.6116744E-07   2.1304506E-06  -2.0222106E-07  -2.7805995E-05  -5.0355508E-05  -6.3974605E-06   1.0519187E-03  -2.6628638E-05  -1.8232973E-04   4.5644330E-03   2.5405820E-03   7.0554891E-04  -1.6905446E-04   3.6498622E-04   6.0037340E-05   1.1789914E-04   2.0361413E-04  -1.7354275E-05   1.1003991E-06   6.7151219E-07   3.4286763E-07   2.8791813E-06   5.2398759E-06   2.1430513E-05  -7.6494783E-09   3.5717042E-08   1.1568659E-08   3.1871841E-05   3.2141041E-05   3.1477109E-05   3.9334078E-05   4.3295585E-05   5.7887051E-08  -4.8024394E-07  -3.2334088E-06  -1.9943306E-06  -6.3958725E-06  -2.5356405E-04  -2.4778873E-07  -2.9323119E-07  -1.9860181E-07  -3.7381393E-07  -3.6050920E-07   4.1024123E-07  -3.7750695E-07  -7.0330171E-07  -1.4172362E-06
  2.3900176E-08  -2.0222106E-07   1.0321984E-07   3.0948345E-06   5.7810120E-06   7.4568011E-07  -1.0141004E-04   2.1882723E-06   2.0486089E-05  -4.5019948E-04  -2.8344218E-04  -9.2651055E-05   3.4185659E-06  -4.0460728E-05  -4.4154424E-06  -1.3185388E-05  -2.6043780E-05  -6.9645343E-06  -1.7822330E-07  -9.9296144E-08  -3.7872534E-07  -2.5937407E-07  -5.9255803E-07  -2.9172071E-06   2.6600005E-09  -2.7796571E-09   6.1380223E-10  -3.8153178E-06  -4.2096558E-06  -3.9445596E-06  -4.9783933E-06  -5.2731822E-06  -7.5519568E-08   1.7831482E-08   3.9049178E-07   1.9593565E-07   8.7558899E-07   2.9077173E-05   2.9503896E-08   3.5334265E-08   3.5297799E-08   3.1617823E-08   4.4559003E-08  -5.2167131E-08   6.1152493E-08   6.5277597E-08   1.5087928E-07
  2.5166124E-06  -2.7805995E-05   3.0948345E-06   6.7485803E-04   1.2688898E-03   9.6132188E-05  -2.4223472E-02   5.7152629E-04   3.7035255E-03  -1.0211802E-01  -4.9318841E-02  -1.0334141E-02   8.1874634E-03  -8.6179368E-03  -1.7956678E-03  -3.2147868E-03  -5.1425348E-03  -2.4287792E-04  -2.7353094E-05  -1.1705556E-05  -1.7329676E-05  -4.5279593E-05  -8.8118681E-05  -3.3771852E-04   1.4521866E-07  -7.3258926E-07  -6.2383253E-06  -7.8083479E-04  -8.9699129E-04  -8.9194602E-04  -1.1102192E-03  -1.1774219E-03  -2.6656748E-06  -7.7528223E-06  -6.2470576E-05  -5.0515017E-05   2.4603117E-04  -2.2783094E-03  -3.0202170E-07   4.3772813E-07   2.5683562E-06   8.1141659E-07   4.1972303E-06   4.9441573E-06  -5.6272828E-06  -1.9437452E-05  -4.5856104E-05
  4.7187635E-06  -5.0355508E-05   5.7810120E-06   1.2688898E-03   2.4173899E-03   1.7472641E-04  -4.5871314E-02   1.1129821E-03   6.9234388E-03  -1.8992267E-01  -9.0940826E-02  -1.6444835E-02   2.1467423E-02  -1.7065155E-02  -3.7186725E-03  -6.6971930E-03  -1.0290988E-02   8.8417591E-04  -5.0645398E-05  -2.1577789E-05  -3.1239157E-05  -8.6766174E-05  -1.6899522E-04  -6.1304195E-04   4.1650057E-07  -1.3794725E-06  -6.4374860E-08  -1.4905919E-03  -1.7168698E-03  -1.7087686E-03  -2.1287081E-03  -2.2486609E-03  -4.3157767E-06  -1.7028801E-05  -1.3302283E-04  -1.0570783E-04   4.7959470E-04  -5.1652070E-03  -1.5741594E-06   7.0022276E-08   4.7231109E-06   8.4247461E-07   7.9647559E-06   1.0572278E-05  -1.2521212E-05  -4.0737371E-05  -9.5313903E-05
  5.2695237E-07  -6.3974605E-06   7.4568011E-07   9.6132188E-05   1.7472641E-04   2.8422992E-05  -7.2063328E-03   1.7466054E-04   1.1732060E-03  -3.4155462E-02  -1.3104356E-02  -8.0024668E-04   4.8721949E-03  -2.8503475E-03   4.4322265E-05  -8.0880142E-04  -1.2132733E-03   8.0290663E-04  -2.8520899E-06  -1.0445660E-06  -1.2206545E-06  -8.6955337E-06  -1.3262892E-05  -6.4398412E-05  -6.2444863E-08  -1.6497336E-07  -2.2892582E-07  -1.0986977E-04  -1.1632468E-04  -1.1374107E-04  -1.3979110E-04  -1.4977792E-04  -1.1940408E-06   2.8011713E-07   4.9531069E-06   2.4075620E-06   3.2827907E-05   5.7616536E-04   4.6400891E-07   7.8973610E-07   5.8756122E-07   9.7845638E-07   1.1981509E-06  -1.1710702E-06   4.9098343E-07   9.2264838E-07   1.6825820E-06
 -1.5890039E-04   1.0519187E-03  -1.0141004E-04  -2.4223472E-02  -4.5871314E-02  -7.2063328E-03   4.4431714E+01  -4.0698158E-01  -8.5373478E-01   3.6956976E+01   3.2671261E+00  -1.2118036E+01  -5.4032307E+01   5.9178828E-02   2.1685255E-01   5.9882082E-01  -5.5340645E+00  -3.2762876E+01   7.6432536E-04  -3.3860299E-04   2.6436205E-03  -1.5204290E-03  -2.5776094E-03   1.5927631E-02  -2.0410534E-04   7.3271291E-04   8.2433949E-04   3.0936510E-02   3.0389642E-02   2.9960798E-02   4.0907745E-02   4.0524579E-02   5.1892512E-04  -1.1791043E-04   3.3304756E-03   1.6242706E-03  -1.9652965E-02  -9.3679942E-02  -1.5236054E-05  -1.5323495E-04  -3.9071375E-04  -1.3562386E-04  -1.6405431E-04   4.4699798E-04   3.0479102E-04   5.7254549E-04   2.2146337E-03
  3.7136886E-06  -2.6628638E-05   2.1882723E-06   5.7152629E-04   1.1129821E-03   1.7466054E-04  -4.0698158E-01   7.9820809E-02  -2.4850917E-02  -7.6365778E-01   8.5175940E-01   1.6933899E+00   6.5494095E-01   2.3641304E-02  -1.1970073E-02   1.0176190E-02   1.1933700E-01   1.5840140E-01   1.2866097E-04   5.3751792E-05   2.0258556E-05  -1.6573019E-04  -2.1265616E-05  -3.1408334E-05   3.6805814E-06  -1.7151755E-06  -6.4411626E-06  -6.4858665E-04  -6.0465430E-04  -6.7523076E-04  -9.6059783E-04  -8.7439549E-04  -6.2422211E-05  -9.6421921E-06  -3.2779623E-05  -4.4539125E-06   5.8870092E-04   2.4500133E-03  -6.7684540E-06   1.5594911E-05   6.1829993E-06  -3.5114740E-06  -1.4546729E-05  -1.3005105E-05  -1.9531146E-05  -2.3829754E-05  -8.1497464E-05
  2.8025502E-05  -1.8232973E-04   2.0486089E-05   3.7035255E-03   6.9234388E-03   1.1732060E-03  -8.5373478E-01  -2.4850917E-02   3.5509452E+00  -2.8354919E+01  -3.4850804E+00   6.7969549E+00   4.5136065E+00  -2.2901944E+00  -2.0238650E-01   1.3755688E-01   2.4192631E+00   3.0476003E+00  -1.3424244E-04  -2.9087800E-04  -1.2189371E-04  -4.3969548E-04  -4.2235191E-04  -7.7005296E-03   1.0133965E-04  -3.0186684E-05   5.7191134E-06  -3.3674111E-03  -5.5064085E-03  -4.3511812E-03  -6.6035739E-03  -5.4734760E-03   2.5233097E-04   2.9787956E-04  -2.0578662E-04  -1.7746343E-04  -5.9900418E-04  -6.8790354E-03   1.4022901E-05  -8.5174477E-05   4.3451386E-05   1.9689173E-05  -2.6008968E-05  -2.0922493E-04   1.4666775E-06  -8.7800406E-05  -3.0666084E-04
 -6.7884587E-04   4.5644330E-03  -4.5019948E-04  -1.0211802E-01  -1.8992267E-01  -3.4155462E-02   3.6956976E+01  -7.6365778E-01  -2.8354919E+01   7.6571127E+02   7.2743402E+01  -4.9133381E+01  -5.5377608E+01   1.2280881E+01  -5.8449729E+00   6.2626080E+00  -9.6947637E+00  -2.1050992E+01   1.0264072E-03  -1.5596046E-04   7.6467310E-04   7.6798528E-03  -1.9358440E-03   5.9706596E-02   3.7578390E-03   4.7423622E-04   3.7145495E-03   1.0225569E-01   1.4196679E-01   1.2881921E-01   1.6533578E-01   1.4360113E-01   1.0408496E-03  -2.5260494E-03   4.7590493E-03   9.8162808E-03  -5.3707184E-02   3.3668300E-01   1.2100000E-03   1.8014077E-03  -1.5390856E-03   6.6183244E-04  -2.2154015E-04   2.6435295E-03  -2.1846952E-04   4.3953114E-03   3.7179002E-03
 -3.7533750E-04   2.5405820E-03  -2.8344218E-04  -4.9318841E-02  -9.0940826E-02  -1.3104356E-02   3.2671261E+00   8.5175940E-01  -3.4850804E+00   7.2743402E+01   6.2802630E+01   3.9297882E+01   1.3647593E+01  -3.8921941E+00  -3.8173835E-01  -1.0608886E+00   3.6857438E+00   4.0690974E+00   2.9731668E-03   2.2086171E-03   6.5640277E-03   2.8895932E-03   1.0284886E-02   6.9345803E-02   1.3694136E-05   1.2666022E-04   8.4059870E-04   6.1283546E-02   6.6720542E-02   6.3115883E-02   7.8280568E-02   8.2135114E-02   2.6861896E-04   6.0891352E-05   1.7726402E-03   1.9641899E-03  -1.8822460E-02   4.5453533E-02   1.3487084E-04   2.7660241E-04  -1.4495631E-04   1.7573462E-04  -3.6588703E-05  -2.5939678E-04  -6.3738277E-04   8.0096970E-04   3.8625387E-04
 -1.0388109E-04   7.0554891E-04  -9.2651055E-05  -1.0334141E-02  -1.6444835E-02  -8.0024668E-04  -1.2118036E+01   1.6933899E+00   6.7969549E+00  -4.9133381E+01   3.9297882E+01   8.1785819E+01   4.9345406E+01  -1.0029748E+01  -8.9233596E-01  -5.5570241E-01   4.5708191E+00   7.4546367E+00   3.1295929E-03   9.3722005E-04   2.3142012E-03   2.9975362E-04   6.8923306E-03   1.0002891E-02   3.6693591E-04  -3.1653950E-04   5.2330247E-04   1.6401922E-02   1.3095335E-02   1.3220992E-02   1.1066556E-02   1.9105769E-02  -6.9346205E-04   4.2073439E-04  -1.5898683E-03  -4.0082439E-04   5.4303616E-04   8.4617752E-02   1.5692153E-05   3.0372427E-04   2.1678047E-04   1.1369825E-04  -3.6043549E-04  -1.3440864E-03  -1.0343393E-03  -5.6904062E-04  -2.5181777E-03
  2.9650200E-05  -1.6905446E-04   3.4185659E-06   8.1874634E-03   2.1467423E-02   4.8721949E-03  -5.4032307E+01   6.5494095E-01   4.5136065E+00  -5.5377608E+01   1.3647593E+01   4.9345406E+01   9.9635570E+01  -7.8669132E+00  -6.3485340E-01  -1.1753348E+00   4.8565116E+00   3.2315803E+01   9.3990660E-04   7.8657243E-04  -2.1187676E-03   5.3064260E-03   1.1638918E-02  -4.2433713E-03   4.3589722E-04  -1.3320460E-03   1.3074883E-03  -1.3480302E-02  -1.3043397E-02  -1.2379193E-02  -2.1040674E-02  -1.6316894E-02  -7.2422571E-04   3.1762035E-04  -5.1932553E-03  -2.3390610E-03   1.5498662E-02   1.5965074E-01  -3.2107523E-05   5.3429163E-04   4.9416701E-04   3.3252670E-04   2.0461184E-04  -1.3412792E-03  -1.2485055E-03  -6.4604677E-04  -3.8006934E-03
 -5.6284568E-05   3.6498622E-04  -4.0460728E-05  -8.6179368E-03  -1.7065155E-02  -2.8503475E-03   5.9178828E-02   2.3641304E-02  -2.2901944E+00   1.2280881E+01  -3.8921941E+00  -1.0029748E+01  -7.8669132E+00   5.0657239E+00   1.2312097E-01  -1.4194314E-01  -1.7057776E+00  -1.9641812E+00   3.7567670E-04  -8.6183176E-05  -1.8433407E-03   1.0332786E-03   3.5956043E-04   4.2421919E-03  -5.9841199E-05   9.9727027E-06  -1.3818448E-05   8.9835724E-03   1.2326614E-02   1.1533400E-02   1.4417486E-02   1.4683212E-02  -1.6644844E-05   5.0960404E-05   1.0341832E-03   8.2645721E-04  -1.7725389E-03   3.3013768E-03  -9.3643434E-05  -6.5167825E-05  -1.0156137E-04  -1.0511151E-04  -1.9115849E-04   1.5835638E-04   3.3248522E-04   1.4381869E-04   9.6396400E-04
 -6.8201851E-06   6.0037340E-05  -4.4154424E-06  -1.7956678E-03  -3.7186725E-03   4.4322265E-05   2.1685255E-01  -1.1970073E-02  -2.0238650E-01  -5.8449729E+00  -3.8173835E-01  -8.9233596E-01  -6.3485340E-01   1.2312097E-01   3.3679578E+00   5.8204449E-01   1.5904796E-01   9.0204389E-02   2.4670388E-05  -2.7090943E-04  -2.2952752E-04  -9.6793717E-04   3.9816037E-04   1.6192178E-03   1.8192538E-04  -4.8918905E-06   1.0370134E-05   2.5079806E-03   2.6535593E-03   2.4808356E-03   2.8353318E-03   3.5709836E-03  -3.2388912E-04   1.4067635E-04   3.5760028E-04   1.5849414E-04  -1.2964658E-03   1.3672012E-02  -5.9025496E-06  -2.6196961E-05  -5.2031986E-05  -3.0522185E-06   1.7010599E-05  -1.8216208E-04  -3.8093750E-06   1.1879177E-04   1.3049056E-04
 -1.9861926E-05   1.1789914E-04  -1.3185388E-05  -3.2147868E-03  -6.6971930E-03  -8.0880142E-04   5.9882082E-01   1.0176190E-02   1.3755688E-01   6.2626080E+00  -1.0608886E+00  -5.5570241E-01  -1.1753348E+00  -1.4194314E-01   5.8204449E-01   3.2352579E+00   2.7830160E+00   2.8045428E+00   3.7746098E-04  -2.6902355E-04  -1.2639971E-03   1.1072154E-04  -1.2562974E-04   1.6332285E-03  -1.7435700E-04  -3.3077015E-05   1.7566455E-05   4.2945834E-03   4.9860298E-03   5.1886569E-03   6.4000597E-03   5.1172303E-03  -3.3814007E-04   2.8145213E-04   3.6369152E-04   1.8136189E-04  -1.9195394E-03   3.4238747E-02   7.0452300E-05   1.1528195E-04   2.9109964E-05  -6.5741477E-05  -9.6633367E-05  -1.3167247E-04   3.9412359E-05   2.5047611E-04   2.3912535E-04
 -2.9349546E-05   2.0361413E-04  -2.6043780E-05  -5.1425348E-03  -1.0290988E-02  -1.2132733E-03  -5.5340645E+00   1.1933700E-01   2.4192631E+00  -9.6947637E+00   3.6857438E+00   4.5708191E+00   4.8565116E+00  -1.7057776E+00   1.5904796E-01   2.7830160E+00   1.0673975E+01   1.9020000E+01   7.4164102E-04   3.4413449E-04  -1.1630277E-04  -1.3537972E-04  -2.0030991E-03   9.5539044E-03  -3.5046946E-05   4.1323759E-04   3.3015304E-05   6.8571086E-03   7.9960816E-03   8.6735231E-03   8.3395336E-03   9.6956661E-03   6.7992418E-05   6.0225986E-04   3.8715874E-04   2.1951288E-04  -6.4508044E-03   1.2212534E-02   8.2292724E-05   4.8518752E-05   7.9613283E-05   4.2764964E-05   7.3494020E-05  -2.8643919E-04   8.7123607E-05   3.4088154E-04  -2.1604849E-05
  1.0246664E-05  -1.7354275E-05  -6.9645343E-06  -2.4287792E-04   8.8417591E-04   8.0290663E-04  -3.2762876E+01   1.5840140E-01   3.0476003E+00  -2.1050992E+01   4.0690974E+00   7.4546367E+00   3.2315803E+01  -1.9641812E+00   9.0204389E-02   2.8045428E+00   1.9020000E+01   5.2969766E+01   5.8960108E-04   7.1656081E-04   7.8710232E-04   1.5133321E-03  -3.8224894E-03   1.3920424E-02   4.5818444E-05   9.1563473E-04   7.6720765E-04  -2.0610389E-03   3.1153159E-04   2.2998848E-03  -3.6991484E-03  -6.5003158E-04   6.8317923E-05   6.9571121E-04  -1.1731990E-03  -6.0335976E-04  -1.1000594E-03   3.9656177E-02   6.4067353E-05  -1.1080324E-04   3.9925034E-04   2.2799232E-05   4.1626653E-04  -5.7594381E-04   7.7637056E-05   1.2844227E-04  -7.3198663E-04
 -1.3699406E-07   1.1003991E-06  -1.7822330E-07  -2.7353094E-05  -5.0645398E-05  -2.8520899E-06   7.6432536E-04   1.2866097E-04  -1.3424244E-04   1.0264072E-03   2.9731668E-03   3.1295929E-03   9.3990660E-04   3.7567670E-04   2.4670388E-05   3.7746098E-04   7.4164102E-04   5.8960108E-04   1.4407916E-03   2.7536487E-04   1.1629688E-04  -3.5719093E-04  -1.0634596E-04  -1.6398396E-04  -6.8950637E-08   1.3171041E-07   9.2952216E-07   4.1898206E-05   4.7404937E-05   3.4982985E-05   6.3898519E-05   6.7299782E-05   2.5801714E-06   2.5370782E-06   5.3411045E-06   2.0459578E-06   1.1854980E-05   5.0035687E-04   1.1923175E-06  -1.0234535E-06  -8.6768408E-07  -2.8303701E-07   8.4053611E-07   1.4467089E-06  -1.0987783E-06  -1.0194111E-07   7.5107190E-06
 -9.4018186E-08   6.7151219E-07  -9.9296144E-08  -1.1705556E-05  -2.1577789E-05  -1.0445660E-06  -3.3860299E-04   5.3751792E-05  -2.9087800E-04  -1.5596046E-04   2.2086171E-03   9.3722005E-04   7.8657243E-04  -8.6183176E-05  -2.7090943E-04  -2.6902355E-04   3.4413449E-04   7.1656081E-04   2.7536487E-04   8.6989352E-04   6.6698057E-05   7.3805610E-04   4.8481987E-05  -7.3687097E-04  -1.3224135E-07   5.7194385E-08   2.2676503E-08  -6.4454625E-06   1.8614291E-05   8.5498868E-06   2.8378948E-05   2.2972175E-05   2.8897744E-06   2.1901961E-06   5.9602451E-07  -3.3362528E-06  -4.1304261E-05  -1.5120769E-04  -1.7036028E-08   3.3913263E-07  -1.2159948E-06   7.1286844E-07   2.7204765E-06   6.1557667E-07   6.9860496E-08  -1.7807669E-06  -1.1530260E-06
 -1.1955583E-07   3.4286763E-07  -3.7872534E-07  -1.7329676E-05  -3.1239157E-05  -1.2206545E-06   2.6436205E-03   2.0258556E-05  -1.2189371E-04   7.6467310E-04   6.5640277E-03   2.3142012E-03  -2.1187676E-03  -1.8433407E-03  -2.2952752E-04  -1.2639971E-03  -1.1630277E-04   7.8710232E-04   1.1629688E-04   6.6698057E-05   7.2657411E-03  -2.9975691E-04   6.6264720E-04   4.4278482E-03  -1.6538563E-07   3.9457898E-07   1.0969912E-06   3.0573021E-05   2.7171286E-05   4.3120854E-05   1.4231924E-05   4.1149509E-05   7.0198951E-06   1.7810986E-06  -1.4821283E-05   1.7224816E-05  -1.3669053E-04  -1.1340011E-03  -4.1372167E-06   1.3542728E-06  -2.2342825E-06  -3.1394455E-06   6.3922714E-06   4.9547537E-06  -2.3269708E-06   5.0229061E-06   3.4352976E-07
 -4.1595099E-07   2.8791813E-06  -2.5937407E-07  -4.5279593E-05  -8.6766174E-05  -8.6955337E-06  -1.5204290E-03  -1.6573019E-04  -4.3969548E-04   7.6798528E-03   2.8895932E-03   2.9975362E-04   5.3064260E-03   1.0332786E-03  -9.6793717E-04   1.1072154E-04  -1.3537972E-04   1.5133321E-03  -3.5719093E-04   7.3805610E-04  -2.9975691E-04   2.9341441E-03   5.3818540E-04  -1.0532889E-03   7.6980344E-09   1.3730297E-08  -1.4280563E-06   5.0068847E-05   3.6721718E-05   7.0701102E-05   8.3454141E-05   6.8252423E-05   7.8718966E-07  -1.0800090E-07  -4.3003426E-06  -6.8374931E-06  -1.7525371E-05   1.6166940E-04  -6.1643635E-07  -7.0517610E-07  -1.8980138E-06   2.0731674E-06   6.8702634E-06   3.0644813E-06   1.7865221E-06  -4.6422141E-07  -5.9117989E-06
 -7.5502944E-07   5.2398759E-06  -5.9255803E-07  -8.8118681E-05  -1.6899522E-04  -1.3262892E-05  -2.5776094E-03  -2.1265616E-05  -4.2235191E-04  -1.9358440E-03   1.0284886E-02   6.8923306E-03   1.1638918E-02   3.5956043E-04   3.9816037E-04  -1.2562974E-04  -2.0030991E-03  -3.8224894E-03  -1.0634596E-04   4.8481987E-05   6.6264720E-04   5.3818540E-04   6.4562882E-03   8.1645654E-03  -1.9042459E-07  -5.3965630E-07  -2.0541693E-06   1.3651862E-04   1.0561518E-04   9.7294813E-05   1.3902963E-04   1.6741868E-04  -9.9454962E-06   1.2287180E-06  -1.8924204E-06   1.5592878E-06  -3.3697350E-05   4.3779369E-04   4.1168419E-07  -2.5258686E-07  -5.6963413E-06   2.5375331E-06  -6.4263069E-07   2.7517324E-06  -1.2569325E-07  -1.8243806E-06   2.0672696E-06
 -3.3418984E-06   2.1430513E-05  -2.9172071E-06  -3.3771852E-04  -6.1304195E-04  -6.4398412E-05   1.5927631E-02  -3.1408334E-05  -7.7005296E-03   5.9706596E-02   6.9345803E-02   1.0002891E-02  -4.2433713E-03   4.2421919E-03   1.6192178E-03   1.6332285E-03   9.5539044E-03   1.3920424E-02  -1.6398396E-04  -7.3687097E-04   4.4278482E-03  -1.0532889E-03   8.1645654E-03   7.2632338E-02  -1.7970529E-06  -7.1071905E-07   9.0220474E-06   2.5764188E-04   4.3536581E-04   4.1425453E-04   4.8019295E-04   6.1215152E-04  -4.3600037E-05  -1.7158598E-05  -2.7710119E-06  -2.8892832E-05  -5.6622549E-04  -3.6872584E-03  -4.9719695E-06  -3.3091174E-06  -1.0660237E-05  -2.5405909E-05  -2.2739119E-05   2.7661721E-06  -5.0833806E-06  -9.1597288E-06   7.3934480E-06
  3.2026452E-09  -7.6494783E-09   2.6600005E-09   1.4521866E-07   4.1650057E-07  -6.2444863E-08  -2.0410534E-04   3.6805814E-06   1.0133965E-04   3.7578390E-03   1.3694136E-05   3.6693591E-04   4.3589722E-04  -5.9841199E-05   1.8192538E-04  -1.7435700E-04  -3.5046946E-05   4.5818444E-05  -6.8950637E-08  -1.3224135E-07  -1.6538563E-07   7.6980344E-09  -1.9042459E-07  -1.7970529E-06   3.7870173E-07  -1.8317137E-09  -2.5182360E-09  -4.1915837E-07  -2.9226484E-07  -2.8680945E-07  -2.7734581E-07  -4.3881329E-07   8.5084906E-08  -4.2610996E-08  -6.8515250E-09   1.3646691E-09  -1.1036466E-07  -3.5098517E-06   1.9231277E-08  -4.1113567E-08  -1.6176815E-08   2.3687725E-08   2.6210709E-08   3.7881042E-08   6.6329710E-09  -3.8316683E-09  -6.3880821E-08
 -3.8561292E-09   3.5717042E-08  -2.7796571E-09  -7.3258926E-07  -1.3794725E-06  -1.6497336E-07   7.3271291E-04  -1.7151755E-06  -3.0186684E-05   4.7423622E-04   1.2666022E-04  -3.1653950E-04  -1.3320460E-03   9.9727027E-06  -4.8918905E-06  -3.3077015E-05   4.1323759E-04   9.1563473E-04   1.3171041E-07   5.7194385E-08   3.9457898E-07   1.3730297E-08  -5.3965630E-07  -7.1071905E-07  -1.8317137E-09   3.8400181E-07   6.2920913E-09   9.2577961E-07   9.4408497E-07   9.7486323E-07   1.0035427E-06   1.3391320E-06  -4.8777175E-09   4.1106509E-08   1.3022611E-07   3.4279458E-08  -7.2351493E-07  -8.6564147E-06  -1.8708090E-08  -2.0746860E-08   3.0174786E-08  -2.8198728E-08   6.1506885E-08  -3.2503769E-08   6.9767401E-09  -2.3909132E-08   1.9733621E-08
 -3.2230185E-09   1.1568659E-08   6.1380223E-10  -6.2383253E-06  -6.4374860E-08  -2.2892582E-07   8.2433949E-04  -6.4411626E-06   5.7191134E-06   3.7145495E-03   8.4059870E-04   5.2330247E-04   1.3074883E-03  -1.3818448E-05   1.0370134E-05   1.7566455E-05   3.3015304E-05   7.6720765E-04   9.2952216E-07   2.2676503E-08   1.0969912E-06  -1.4280563E-06  -2.0541693E-06   9.0220474E-06  -2.5182360E-09   6.2920913E-09   6.1284903E-06  -2.3390950E-06   2.3197993E-08   2.0334187E-07  -6.1360668E-07   1.8347751E-06   3.6779977E-07  -2.1113326E-07  -1.9318115E-07  -4.3497417E-08   6.6477573E-07  -3.0548890E-06  -2.2114914E-07  -6.3192168E-08   1.3308420E-08   6.7269046E-09   2.1770105E-07  -1.9198210E-07  -1.7306224E-07  -9.9523917E-08  -1.3308603E-08
 -3.0162712E-06   3.1871841E-05  -3.8153178E-06  -7.8083479E-04  -1.4905919E-03  -1.0986977E-04   3.0936510E-02  -6.4858665E-04  -3.3674111E-03   1.0225569E-01   6.1283546E-02   1.6401922E-02  -1.3480302E-02   8.9835724E-03   2.5079806E-03   4.2945834E-03   6.8571086E-03  -2.0610389E-03   4.1898206E-05  -6.4454625E-06   3.0573021E-05   5.0068847E-05   1.3651862E-04   2.5764188E-04  -4.1915837E-07   9.2577961E-07  -2.3390950E-06   5.6251198E-03   1.0332230E-03   1.0654950E-03   1.3211880E-03   1.3874576E-03   3.9770057E-07   2.5420288E-05   1.6323410E-04   1.0182861E-04  -5.4863539E-04   1.4903140E-02   1.4149898E-04   1.6824816E-05   6.8557357E-06   1.1832585E-05  -6.0674049E-06  -1.2037920E-05   1.2895474E-05   4.1802785E-05   8.3496246E-05
 -3.0981351E-06   3.2141041E-05  -4.2096558E-06  -8.9699129E-04  -1.7168698E-03  -1.1632468E-04   3.0389642E-02  -6.0465430E-04  -5.5064085E-03   1.4196679E-01   6.6720542E-02   1.3095335E-02  -1.3043397E-02   1.2326614E-02   2.6535593E-03   4.9860298E-03   7.9960816E-03   3.1153159E-04   4.7404937E-05   1.8614291E-05   2.7171286E-05   3.6721718E-05   1.0561518E-04   4.3536581E-04  -2.9226484E-07   9.4408497E-07   2.3197993E-08   1.0332230E-03   3.5868364E-03   1.2278317E-03   1.5472988E-03   1.6094110E-03  -4.4386380E-06   2.7212242E-05   1.4943841E-04   1.1536035E-04  -6.9677243E-04   6.0745764E-03   3.7101751E-06   6.8968947E-05  -2.6347977E-06   8.8404376E-06  -6.6068745E-06  -1.4051178E-05   2.2676406E-05   4.6222450E-05   1.0092140E-04
 -3.0646566E-06   3.1477109E-05  -3.9445596E-06  -8.9194602E-04  -1.7087686E-03  -1.1374107E-04   2.9960798E-02  -6.7523076E-04  -4.3511812E-03   1.2881921E-01   6.3115883E-02   1.3220992E-02  -1.2379193E-02   1.1533400E-02   2.4808356E-03   5.1886569E-03   8.6735231E-03   2.2998848E-03   3.4982985E-05   8.5498868E-06   4.3120854E-05   7.0701102E-05   9.7294813E-05   4.1425453E-04  -2.8680945E-07   9.7486323E-07   2.0334187E-07   1.0654950E-03   1.2278317E-03   2.8395834E-03   1.5228470E-03   1.6070115E-03  -1.2211292E-06   1.3021913E-05   1.2654163E-04   9.6070695E-05  -5.1736362E-04   4.7172057E-03  -7.5408770E-07   3.1496310E-06   5.2943273E-05  -9.4622206E-07  -1.9913817E-06  -1.5136777E-05   1.2550208E-05   4.4753391E-05   8.9605901E-05
 -3.8189074E-06   3.9334078E-05  -4.9783933E-06  -1.1102192E-03  -2.1287081E-03  -1.3979110E-04   4.0907745E-02  -9.6059783E-04  -6.6035739E-03   1.6533578E-01   7.8280568E-02   1.1066556E-02  -2.1040674E-02   1.4417486E-02   2.8353318E-03   6.4000597E-03   8.3395336E-03  -3.6991484E-03   6.3898519E-05   2.8378948E-05   1.4231924E-05   8.3454141E-05   1.3902963E-04   4.8019295E-04  -2.7734581E-07   1.0035427E-06  -6.1360668E-07   1.3211880E-03   1.5472988E-03   1.5228470E-03   4.0764160E-03   2.0154357E-03   8.8544264E-07   2.5858108E-05   1.4685696E-04   1.1224267E-04  -7.8902160E-04   3.0194512E-03   4.5427249E-06   3.4564297E-06  -3.7454081E-06   1.1151954E-04  -6.4047050E-06  -7.7753077E-06   1.4212899E-05   5.2040736E-05   1.3763929E-04
 -4.2109754E-06   4.3295585E-05  -5.2731822E-06  -1.1774219E-03  -2.2486609E-03  -1.4977792E-04   4.0524579E-02  -8.7439549E-04  -5.4734760E-03   1.4360113E-01   8.2135114E-02   1.9105769E-02  -1.6316894E-02   1.4683212E-02   3.5709836E-03   5.1172303E-03   9.6956661E-03  -6.5003158E-04   6.7299782E-05   2.2972175E-05   4.1149509E-05   6.8252423E-05   1.6741868E-04   6.1215152E-04  -4.3881329E-07   1.3391320E-06   1.8347751E-06   1.3874576E-03   1.6094110E-03   1.6070115E-03   2.0154357E-03   7.0996782E-03   1.9875914E-06   3.1258521E-05   1.4759026E-04   1.1132662E-04  -6.4558659E-04   4.3667764E-03  -6.7894961E-07   7.6363721E-07  -8.5338652E-06   9.6343277E-07   1.2342269E-04  -6.2391147E-06   1.3009696E-05   3.7832544E-05   9.4409563E-05
 -6.4592230E-09   5.7887051E-08  -7.5519568E-08  -2.6656748E-06  -4.3157767E-06  -1.1940408E-06   5.1892512E-04  -6.2422211E-05   2.5233097E-04   1.0408496E-03   2.6861896E-04  -6.9346205E-04  -7.2422571E-04  -1.6644844E-05  -3.2388912E-04  -3.3814007E-04   6.7992418E-05   6.8317923E-05   2.5801714E-06   2.8897744E-06   7.0198951E-06   7.8718966E-07  -9.9454962E-06  -4.3600037E-05   8.5084906E-08  -4.8777175E-09   3.6779977E-07   3.9770057E-07  -4.4386380E-06  -1.2211292E-06   8.8544264E-07   1.9875914E-06   5.2230415E-04   3.2305268E-06   3.4047250E-06   1.9432519E-06   2.4135630E-06  -3.6918284E-03  -5.4889243E-07  -1.2057799E-06   2.7839155E-06   1.7285394E-06  -8.1839703E-07  -2.4084066E-05   7.7071867E-06   6.1754200E-07  -1.7086987E-06
  3.8782724E-08  -4.8024394E-07   1.7831482E-08  -7.7528223E-06  -1.7028801E-05   2.8011713E-07  -1.1791043E-04  -9.6421921E-06   2.9787956E-04  -2.5260494E-03   6.0891352E-05   4.2073439E-04   3.1762035E-04   5.0960404E-05   1.4067635E-04   2.8145213E-04   6.0225986E-04   6.9571121E-04   2.5370782E-06   2.1901961E-06   1.7810986E-06  -1.0800090E-07   1.2287180E-06  -1.7158598E-05  -4.2610996E-08   4.1106509E-08  -2.1113326E-07   2.5420288E-05   2.7212242E-05   1.3021913E-05   2.5858108E-05   3.1258521E-05   3.2305268E-06   4.9764548E-04   1.2847592E-05   1.0073362E-05   1.6311291E-04  -3.0583620E-03   4.4114579E-07   1.3436717E-06  -1.6228556E-07   1.1294634E-06   3.0465138E-07   2.3763326E-05  -3.1336776E-05   3.6478455E-06   7.6924442E-07
  1.7713616E-07  -3.2334088E-06   3.9049178E-07  -6.2470576E-05  -1.3302283E-04   4.9531069E-06   3.3304756E-03  -3.2779623E-05  -2.0578662E-04   4.7590493E-03   1.7726402E-03  -1.5898683E-03  -5.1932553E-03   1.0341832E-03   3.5760028E-04   3.6369152E-04   3.8715874E-04  -1.1731990E-03   5.3411045E-06   5.9602451E-07  -1.4821283E-05  -4.3003426E-06  -1.8924204E-06  -2.7710119E-06  -6.8515250E-09   1.3022611E-07  -1.9318115E-07   1.6323410E-04   1.4943841E-04   1.2654163E-04   1.4685696E-04   1.4759026E-04   3.4047250E-06   1.2847592E-05   4.0505628E-04   4.0320079E-05  -3.2774740E-05   1.5886554E-03  -1.3703559E-06   6.3017467E-07  -4.6354763E-07  -1.4367218E-06   2.1898430E-06   4.7537549E-06   1.3477754E-05  -4.0660013E-05   2.6955369E-05
  1.2050026E-07  -1.9943306E-06   1.9593565E-07  -5.0515017E-05  -1.0570783E-04   2.4075620E-06   1.6242706E-03  -4.4539125E-06  -1.7746343E-04   9.8162808E-03   1.9641899E-03  -4.0082439E-04  -2.3390610E-03   8.2645721E-04   1.5849414E-04   1.8136189E-04   2.1951288E-04  -6.0335976E-04   2.0459578E-06  -3.3362528E-06   1.7224816E-05  -6.8374931E-06   1.5592878E-06  -2.8892832E-05   1.3646691E-09   3.4279458E-08  -4.3497417E-08   1.0182861E-04   1.1536035E-04   9.6070695E-05   1.1224267E-04   1.1132662E-04   1.9432519E-06   1.0073362E-05   4.0320079E-05   4.3503749E-04  -4.1024115E-05   1.5643210E-03  -1.1619222E-06  -1.1195362E-06  -3.7597261E-08   2.8019462E-07   1.3702348E-07   3.7096444E-06   7.7818145E-06   1.3141705E-05  -8.9002336E-05
  7.8276040E-07  -6.3958725E-06   8.7558899E-07   2.4603117E-04   4.7959470E-04   3.2827907E-05  -1.9652965E-02   5.8870092E-04  -5.9900418E-04  -5.3707184E-02  -1.8822460E-02   5.4303616E-04   1.5498662E-02  -1.7725389E-03  -1.2964658E-03  -1.9195394E-03  -6.4508044E-03  -1.1000594E-03   1.1854980E-05  -4.1304261E-05  -1.3669053E-04  -1.7525371E-05  -3.3697350E-05  -5.6622549E-04  -1.1036466E-07  -7.2351493E-07   6.6477573E-07  -5.4863539E-04  -6.9677243E-04  -5.1736362E-04  -7.8902160E-04  -6.4558659E-04   2.4135630E-06   1.6311291E-04  -3.2774740E-05  -4.1024115E-05   2.8172880E-02   1.4481282E-01  -3.1933279E-05  -6.4168009E-05   3.9863701E-05  -1.6872287E-04  -5.6921516E-05   1.8407727E-04   2.2087130E-04   1.9247361E-04  -3.1463178E-05
  1.7455845E-05  -2.5356405E-04   2.9077173E-05  -2.2783094E-03  -5.1652070E-03   5.7616536E-04  -9.3679942E-02   2.4500133E-03  -6.8790354E-03   3.3668300E-01   4.5453533E-02   8.4617752E-02   1.5965074E-01   3.3013768E-03   1.3672012E-02   3.4238747E-02   1.2212534E-02   3.9656177E-02   5.0035687E-04  -1.5120769E-04  -1.1340011E-03   1.6166940E-04   4.3779369E-04  -3.6872584E-03  -3.5098517E-06  -8.6564147E-06  -3.0548890E-06   1.4903140E-02   6.0745764E-03   4.7172057E-03   3.0194512E-03   4.3667764E-03  -3.6918284E-03  -3.0583620E-03   1.5886554E-03   1.5643210E-03   1.4481282E-01   4.5887568E+00   1.2122875E-03   5.8346051E-05   7.5659907E-05  -1.3961338E-03  -5.5937146E-04  -1.2258138E-02  -2.8503765E-03   2.4993133E-03   2.3983380E-03
  2.1024880E-08  -2.4778873E-07   2.9503896E-08  -3.0202170E-07  -1.5741594E-06   4.6400891E-07  -1.5236054E-05  -6.7684540E-06   1.4022901E-05   1.2100000E-03   1.3487084E-04   1.5692153E-05  -3.2107523E-05  -9.3643434E-05  -5.9025496E-06   7.0452300E-05   8.2292724E-05   6.4067353E-05   1.1923175E-06  -1.7036028E-08  -4.1372167E-06  -6.1643635E-07   4.1168419E-07  -4.9719695E-06   1.9231277E-08  -1.8708090E-08  -2.2114914E-07   1.4149898E-04   3.7101751E-06  -7.5408770E-07   4.5427249E-06  -6.7894961E-07  -5.4889243E-07   4.4114579E-07  -1.3703559E-06  -1.1619222E-06  -3.1933279E-05   1.2122875E-03   5.6007888E-05  -2.0065997E-08   2.3067723E-07   8.7295462E-07  -1.7335961E-07   2.0014221E-06  -3.2270934E-07   1.7872760E-06   1.5255875E-06
  1.9125467E-08  -2.9323119E-07   3.5334265E-08   4.3772813E-07   7.0022276E-08   7.8973610E-07  -1.5323495E-04   1.5594911E-05  -8.5174477E-05   1.8014077E-03   2.7660241E-04   3.0372427E-04   5.3429163E-04  -6.5167825E-05  -2.6196961E-05   1.1528195E-04   4.8518752E-05  -1.1080324E-04  -1.0234535E-06   3.3913263E-07   1.3542728E-06  -7.0517610E-07  -2.5258686E-07  -3.3091174E-06  -4.1113567E-08  -2.0746860E-08  -6.3192168E-08   1.6824816E-05   6.8968947E-05   3.1496310E-06   3.4564297E-06   7.6363721E-07  -1.2057799E-06   1.3436717E-06   6.3017467E-07  -1.1195362E-06  -6.4168009E-05   5.8346051E-05  -2.0065997E-08   4.3316184E-05   1.5653989E-07   5.6689718E-07  -4.9516023E-07  -6.7288292E-07   3.2822352E-06   7.9449098E-07   3.5551386E-07
  2.4704868E-08  -1.9860181E-07   3.5297799E-08   2.5683562E-06   4.7231109E-06   5.8756122E-07  -3.9071375E-04   6.1829993E-06   4.3451386E-05  -1.5390856E-03  -1.4495631E-04   2.1678047E-04   4.9416701E-04  -1.0156137E-04  -5.2031986E-05   2.9109964E-05   7.9613283E-05   3.9925034E-04  -8.6768408E-07  -1.2159948E-06  -2.2342825E-06  -1.8980138E-06  -5.6963413E-06  -1.0660237E-05  -1.6176815E-08   3.0174786E-08   1.3308420E-08   6.8557357E-06  -2.6347977E-06   5.2943273E-05  -3.7454081E-06  -8.5338652E-06   2.7839155E-06  -1.6228556E-07  -4.6354763E-07  -3.7597261E-08   3.9863701E-05   7.5659907E-05   2.3067723E-07   1.5653989E-07   4.3161933E-05   4.1139641E-07  -2.1454843E-07  -5.6228030E-07   4.5019439E-06   4.4469299E-06   7.4264621E-07
  2.5360130E-08  -3.7381393E-07   3.1617823E-08   8.1141659E-07   8.4247461E-07   9.7845638E-07  -1.3562386E-04  -3.5114740E-06   1.9689173E-05   6.6183244E-04   1.7573462E-04   1.1369825E-04   3.3252670E-04  -1.0511151E-04  -3.0522185E-06  -6.5741477E-05   4.2764964E-05   2.2799232E-05  -2.8303701E-07   7.1286844E-07  -3.1394455E-06   2.0731674E-06   2.5375331E-06  -2.5405909E-05   2.3687725E-08  -2.8198728E-08   6.7269046E-09   1.1832585E-05   8.8404376E-06  -9.4622206E-07   1.1151954E-04   9.6343277E-07   1.7285394E-06   1.1294634E-06  -1.4367218E-06   2.8019462E-07  -1.6872287E-04  -1.3961338E-03   8.7295462E-07   5.6689718E-07   4.1139641E-07   8.1737374E-05   1.1379673E-06   2.2569617E-06   1.6621450E-06   7.2799292E-06   9.8716792E-06
  2.4728133E-08  -3.6050920E-07   4.4559003E-08   4.1972303E-06   7.9647559E-06   1.1981509E-06  -1.6405431E-04  -1.4546729E-05  -2.6008968E-05  -2.2154015E-04  -3.6588703E-05  -3.6043549E-04   2.0461184E-04  -1.9115849E-04   1.7010599E-05  -9.6633367E-05   7.3494020E-05   4.1626653E-04   8.4053611E-07   2.7204765E-06   6.3922714E-06   6.8702634E-06  -6.4263069E-07  -2.2739119E-05   2.6210709E-08   6.1506885E-08   2.1770105E-07  -6.0674049E-06  -6.6068745E-06  -1.9913817E-06  -6.4047050E-06   1.2342269E-04  -8.1839703E-07   3.0465138E-07   2.1898430E-06   1.3702348E-07  -5.6921516E-05  -5.5937146E-04  -1.7335961E-07  -4.9516023E-07  -2.1454843E-07   1.1379673E-06   9.6720020E-05   6.6415736E-07  -6.8468280E-07  -1.4086488E-06   7.9577561E-06
 -2.3668615E-08   4.1024123E-07  -5.2167131E-08   4.9441573E-06   1.0572278E-05  -1.1710702E-06   4.4699798E-04  -1.3005105E-05  -2.0922493E-04   2.6435295E-03  -2.5939678E-04  -1.3440864E-03  -1.3412792E-03   1.5835638E-04  -1.8216208E-04  -1.3167247E-04  -2.8643919E-04  -5.7594381E-04   1.4467089E-06   6.1557667E-07   4.9547537E-06   3.0644813E-06   2.7517324E-06   2.7661721E-06   3.7881042E-08  -3.2503769E-08  -1.9198210E-07  -1.2037920E-05  -1.4051178E-05  -1.5136777E-05  -7.7753077E-06  -6.2391147E-06  -2.4084066E-05   2.3763326E-05   4.7537549E-06   3.7096444E-06   1.8407727E-04  -1.2258138E-02   2.0014221E-06  -6.7288292E-07  -5.6228030E-07   2.2569617E-06   6.6415736E-07   2.0127382E-04   2.6431141E-05  -6.4804098E-07  -3.9316116E-06
  2.4544601E-08  -3.7750695E-07   6.1152493E-08  -5.6272828E-06  -1.2521212E-05   4.9098343E-07   3.0479102E-04  -1.9531146E-05   1.4666775E-06  -2.1846952E-04  -6.3738277E-04  -1.0343393E-03  -1.2485055E-03   3.3248522E-04  -3.8093750E-06   3.9412359E-05   8.7123607E-05   7.7637056E-05  -1.0987783E-06   6.9860496E-08  -2.3269708E-06   1.7865221E-06  -1.2569325E-07  -5.0833806E-06   6.6329710E-09   6.9767401E-09  -1.7306224E-07   1.2895474E-05   2.2676406E-05   1.2550208E-05   1.4212899E-05   1.3009696E-05   7.7071867E-06  -3.1336776E-05   1.3477754E-05   7.7818145E-06   2.2087130E-04  -2.8503765E-03  -3.2270934E-07   3.2822352E-06   4.5019439E-06   1.6621450E-06  -6.8468280E-07   2.6431141E-05   1.1168237E-04   5.1070240E-06   4.6226985E-06
  3.4121529E-08  -7.0330171E-07   6.5277597E-08  -1.9437452E-05  -4.0737371E-05   9.2264838E-07   5.7254549E-04  -2.3829754E-05  -8.7800406E-05   4.3953114E-03   8.0096970E-04  -5.6904062E-04  -6.4604677E-04   1.4381869E-04   1.1879177E-04   2.5047611E-04   3.4088154E-04   1.2844227E-04  -1.0194111E-07  -1.7807669E-06   5.0229061E-06  -4.6422141E-07  -1.8243806E-06  -9.1597288E-06  -3.8316683E-09  -2.3909132E-08  -9.9523917E-08   4.1802785E-05   4.6222450E-05   4.4753391E-05   5.2040736E-05   3.7832544E-05   6.1754200E-07   3.6478455E-06  -4.0660013E-05   1.3141705E-05   1.9247361E-04   2.4993133E-03   1.7872760E-06   7.9449098E-07   4.4469299E-06   7.2799292E-06  -1.4086488E-06  -6.4804098E-07   5.1070240E-06   9.2483682E-05   1.7499334E-05
  4.3376947E-08  -1.4172362E-06   1.5087928E-07  -4.5856104E-05  -9.5313903E-05   1.6825820E-06   2.2146337E-03  -8.1497464E-05  -3.0666084E-04   3.7179002E-03   3.8625387E-04  -2.5181777E-03  -3.8006934E-03   9.6396400E-04   1.3049056E-04   2.3912535E-04  -2.1604849E-05  -7.3198663E-04   7.5107190E-06  -1.1530260E-06   3.4352976E-07  -5.9117989E-06   2.0672696E-06   7.3934480E-06  -6.3880821E-08   1.9733621E-08  -1.3308603E-08   8.3496246E-05   1.0092140E-04   8.9605901E-05   1.3763929E-04   9.4409563E-05  -1.7086987E-06   7.6924442E-07   2.6955369E-05  -8.9002336E-05  -3.1463178E-05   2.3983380E-03   1.5255875E-06   3.5551386E-07   7.4264621E-07   9.8716792E-06   7.9577561E-06  -3.9316116E-06   4.6226985E-06   1.7499334E-05   3.3473535E-04
