# omegabh2 omegach2 theta tau logA ns
  7.4314517E-04   9.3747516E-05  -1.5795090E-03   4.4155606E-05   1.3998613E-04  -6.2458670E-06
  9.3747516E-05   8.1188463E-02   2.2097999E-02   1.4173423E-03  -3.6397208E-03  -3.5097434E-04
 -1.5795090E-03   2.2097999E-02   1.5387816E-02   4.7410231E-04  -1.0060622E-03  -2.9066122E-04
  4.4155606E-05   1.4173423E-03   4.7410231E-04   5.2308362E-02  -2.3577592E-03   2.1334583E-04
  1.3998613E-04  -3.6397208E-03  -1.0060622E-03  -2.3577592E-03   4.4424370E-01   4.1527750E-04
 -6.2458670E-06  -3.5097434E-04  -2.9066122E-04   2.1334583E-04   4.1527750E-04   1.3255332E-02
